coxa_link:
  ixx: 0.00014451266595
  iyy: 8.645716941666665e-05
  izz: 0.0001446977061666667
  ixy: 0
  ixz: 0
  iyz: 0
femur_link:
  ixx: 0.0002827436744166667
  iyy: 6.386723388333333e-05
  izz: 0.0002926571141666667
  ixy: 0
  ixz: 0
  iyz: 0
tibia_link:
  ixx: 0.00056686076235
  iyy: 5.836252541666667e-05
  izz: 0.0005952832577666667
  ixy: 0
  ixz: 0
  iyz: 0
hexapod_link:
  ixx: 0.0003102651443333333
  iyy: 0.006269237343533334
  izz: 0.006469424449333335
  ixy: 0
  ixz: 0
  iyz: 0
